1 + 1
c(1, 2, 3, 4, 5, 6, 7, 8, 9)

even <- c(2, 4, 6)

a <- 123
a <- a + 345
c(1, 2, 3, 4)
